zeroZ 4400
1 -581.14 40.56 4395.46
2 -577.44 12.09 4394.87
3 -578.06 -18.78 4394.74
4 -577.76 -47.72 4394.39
5 -551.12 142.0 4398.25
6 -552.24 116.51 4397.38
7 -559.06 84.15 4397.68
8 -558.88 52.83 4395.05
9 -551.74 26.85 4395.18
10 -552.0 -2.41 4394.98
11 -552.35 -33.52 4395.23
12 -551.23 -62.95 4394.37
14 -552.07 -123.3 4394.37
15 -552.08 -153.39 4394.32
16 -526.5 221.4 4400.75
17 -515.18 180.49 4404.53
18 -523.42 154.93 4398.47
19 -532.08 126.26 4397.79
20 -525.04 101.77 4396.62
21 -523.69 74.13 4396.5
22 -526.3 41.96 4395.77
23 -525.76 11.93 4395.11
24 -525.59 -18.6 4394.95
25 -526.06 -48.26 4395.19
26 -526.25 -78.3 4394.67
27 -526.51 -108.34 4394.54
28 -526.26 -138.34 4394.37
29 -525.1 -166.05 4394.03
30 -526.197 -198.428 4393.005
31 -526.167 -228.439 4393.062
32 -500.03 266.32 4402.53
33 -500.99 236.45 4400.45
34 -499.25 209.36 4400.58
35 -493.87 170.31 4404.66
36 -500.76 140.11 4401.2
38 -500.1 82.26 4397.23
39 -499.88 55.88 4395.97
40 -500.12 26.57 4395.74
41 -499.98 -3.49 4394.95
42 -500.2 -33.22 4395.54
43 -500.24 -63.34 4394.99
44 -500.15 -93.32 4394.25
45 -500.19 -123.15 4394.72
46 -499.33 -154.94 4393.94
47 -500.247 -183.388 4392.921
48 -500.277 -213.384 4392.925
49 -500.177 -243.381 4392.865
50 -500.247 -273.372 4392.803
51 -463.16 307.17 4403.61
52 -478.52 272.32 4401.83
53 -474.6 251.45 4399.91
54 -475.44 221.63 4400.17
55 -469.57 191.62 4398.62
56 -472.78 159.69 4399.83
57 -481.2 122.22 4398.27
60 -475.77 37.96 4398.25
61 -474.09 11.82 4396.69
62 -473.75 -18.77 4395.59
63 -474.55 -48.79 4395.83
64 -474.14 -78.58 4394.81
65 -474.19 -108.33 4394.72
66 -474.23 -139.05 4393.24
67 -474.267 -172.448 4393.535
68 -474.307 -198.421 4393.112
69 -474.197 -228.389 4393.001
70 -474.247 -258.394 4393.251
71 -474.247 -288.355 4393.011
72 -474.257 -318.492 4393.086
73 -444.3 356.74 4404.63
74 -445.09 328.94 4403.59
75 -446.37 297.81 4402.63
76 -448.18 267.63 4399.84
77 -448.09 239.98 4399.52
78 -443.61 206.85 4397.94
79 -445.01 180.06 4396.71
80 -445.62 148.54 4395.32
81 -441.15 122.21 4396.59
82 -450.78 97.57 4398.2
83 -461.64 64.71 4398.34
84 -441.8 29.26 4406.81
85 -448.62 -3.83 4397.26
86 -448.3 -33.23 4395.85
87 -448.2 -63.24 4395.34
88 -448.25 -93.59 4394.6
89 -448.32 -123.77 4393.71
90 -448.09 -143.48 4393.77
91 -448.257 -183.428 4393.438
92 -448.257 -213.433 4392.895
93 -448.317 -243.384 4393.022
94 -448.287 -273.419 4393.044
95 -448.247 -303.393 4393.088
96 -448.287 -333.372 4392.433
97 -424.34 360.27 4404.2
98 -418.16 335.75 4402.17
99 -421.45 313.63 4401.69
100 -419.38 286.98 4400.25
101 -418.82 250.8 4398.86
102 -422.04 220.83 4396.89
103 -417.81 192.09 4396.15
104 -422.63 161.96 4395.19
105 -422.11 131.67 4395.07
106 -422.25 101.79 4396.53
107 -421.81 72.03 4396.91
108 -422.42 41.09 4399.14
109 -419.94 10.6 4405.72
110 -425.57 -22.3 4396.94
111 -421.87 -48.45 4395.62
112 -422.77 -78.08 4395.33
113 -422.02 -109.4 4393.44
114 -421.71 -135.41 4393.84
115 -422.207 -173.368 4393.369
116 -422.247 -198.47 4393.161
117 -422.207 -228.39 4392.46
118 -422.257 -258.457 4392.502
119 -422.387 -288.432 4392.627
120 -422.317 -318.317 4392.498
121 -422.307 -348.372 4392.768
122 -422.307 -378.372 4392.262
124 -396.06 385.73 4404.16
125 -398.55 356.52 4401.77
126 -395.97 326.33 4400.85
127 -400.42 293.18 4400.58
128 -399.3 266.28 4399.44
129 -395.41 236.24 4397.53
130 -396.0 206.65 4395.84
131 -396.13 176.57 4396.36
132 -396.3 147.28 4395.83
133 -399.33 116.54 4396.04
134 -396.11 79.48 4395.64
135 -395.66 56.5 4396.19
136 -395.42 26.65 4397.31
137 -397.6 -5.94 4404.84
138 -396.07 -34.13 4397.82
139 -396.09 -64.0 4395.62
140 -397.09 -93.07 4393.97
141 -396.55 -123.35 4393.33
142 -396.287 -164.363 4393.263
143 -396.387 -183.581 4393.056
144 -396.267 -213.42 4392.842
145 -396.337 -243.413 4392.439
146 -396.307 -273.379 4392.62
147 -396.327 -303.395 4392.422
148 -396.327 -333.372 4392.336
149 -396.267 -363.424 4392.76
150 -396.327 -393.372 4392.631
153 -370.59 365.61 4402.29
154 -372.43 343.55 4400.78
155 -363.36 312.14 4399.47
156 -370.21 281.55 4398.43
157 -372.92 250.93 4397.33
158 -370.21 221.4 4395.42
159 -374.29 187.6 4395.39
160 -370.39 161.54 4395.44
161 -370.31 131.55 4395.37
162 -372.12 103.39 4395.49
163 -370.27 71.67 4395.38
164 -370.34 41.51 4395.23
165 -370.31 12.73 4394.9
166 -364.69 -21.15 4406.01
167 -371.29 -48.52 4398.52
168 -369.2 -79.24 4395.96
169 -370.47 -108.38 4395.81
170 -370.11 -133.09 4394.38
171 -370.187 -178.359 4393.454
172 -370.327 -198.367 4393.095
173 -370.307 -228.452 4393.337
174 -370.347 -258.354 4393.293
175 -370.337 -288.358 4392.312
176 -370.367 -318.378 4392.006
177 -370.367 -348.361 4392.298
178 -370.337 -378.372 4392.36
179 -370.337 -408.372 4392.112
180 -370.337 -438.372 4392.35
183 -351.49 382.21 4402.88
184 -344.43 356.45 4400.87
185 -348.42 326.7 4399.85
186 -344.23 296.18 4398.26
187 -342.35 266.52 4396.94
188 -342.34 239.56 4395.11
189 -344.3 211.51 4395.2
190 -354.27 176.54 4395.39
191 -338.24 146.3 4395.4
192 -348.65 114.77 4395.25
193 -344.37 86.7 4395.28
194 -350.74 51.49 4394.9
195 -349.36 26.5 4395.0
196 -347.21 -1.26 4394.76
197 -348.17 -37.42 4404.53
198 -347.53 -66.86 4397.34
199 -349.35 -93.22 4395.53
200 -343.7 -124.94 4393.62
201 -346.39 -155.34 4393.41
202 -344.697 -183.771 4393.16
203 -344.277 -213.398 4393.853
204 -344.307 -243.296 4393.957
205 -344.367 -273.321 4395.6
206 -344.317 -303.412 4392.757
207 -344.247 -333.297 4392.072
208 -344.357 -363.408 4392.111
209 -344.357 -393.42 4392.208
210 -344.267 -423.488 4392.148
211 -344.307 -453.465 4391.97
214 -317.54 400.43 4402.1
215 -311.18 364.26 4399.89
216 -318.48 341.73 4399.24
217 -320.1 311.53 4397.91
218 -318.52 281.52 4396.44
219 -318.45 251.5 4395.43
220 -320.27 221.51 4394.82
221 -318.34 191.56 4395.38
222 -318.64 161.37 4395.5
223 -318.32 131.42 4395.09
224 -318.43 101.62 4395.37
225 -318.42 71.68 4395.33
226 -315.1 41.44 4394.92
227 -317.03 7.84 4394.84
228 -317.52 -21.09 4395.12
229 -318.19 -39.54 4395.22
230 -312.66 -88.13 4395.14
231 -303.38 -111.33 4395.62
233 -321.257 -168.423 4394.007
234 -318.347 -198.467 4394.404
235 -318.377 -228.372 4395.335
236 -318.307 -258.274 4395.942
237 -318.297 -288.353 4395.902
238 -318.357 -318.434 4392.457
239 -318.397 -348.396 4392.068
240 -318.417 -378.376 4391.794
241 -318.327 -408.484 4392.324
242 -318.457 -438.434 4392.71
243 -318.377 -468.419 4393.554
246 -296.27 411.71 4402.25
247 -286.44 393.54 4400.85
248 -292.57 356.5 4399.04
249 -292.48 326.77 4396.67
250 -292.33 296.52 4396.02
251 -292.33 265.96 4396.4
252 -291.41 236.55 4395.83
253 -292.35 206.5 4395.42
254 -292.29 176.42 4395.65
255 -292.31 146.53 4395.51
256 -288.26 125.42 4394.9
257 -292.37 86.51 4395.07
258 -292.86 55.73 4395.08
259 -292.38 26.49 4394.9
260 -291.17 -4.43 4394.17
261 -291.74 -35.2 4394.04
262 -289.8 -63.14 4393.93
263 -282.397 -96.372 4394.289
265 -287.357 -153.313 4393.546
266 -299.317 -191.3 4396.979
267 -292.397 -217.372 4397.993
268 -292.287 -243.256 4396.742
269 -292.347 -273.236 4395.532
270 -292.277 -303.372 4394.767
271 -292.317 -333.301 4392.515
272 -292.387 -363.407 4392.787
273 -292.367 -393.42 4392.831
274 -292.397 -423.386 4393.956
275 -292.397 -453.358 4395.293
276 -292.357 -483.323 4395.806
277 -259.18 489.96 4403.74
278 -264.55 461.55 4402.84
279 -268.4 431.59 4401.97
280 -258.71 401.41 4399.67
281 -274.6 371.67 4398.68
282 -266.52 341.51 4396.36
283 -266.39 310.98 4395.54
284 -266.44 281.55 4396.27
285 -270.8 250.99 4395.46
286 -276.48 221.66 4395.63
287 -266.88 182.0 4395.06
288 -266.29 161.37 4394.97
289 -266.75 131.9 4395.6
290 -258.35 101.68 4395.48
291 -258.55 71.64 4394.9
292 -256.4 41.67 4394.97
293 -271.95 4.04 4394.52
294 -266.48 -18.52 4394.18
295 -271.1 -48.53 4393.67
296 -256.437 -73.862 4394.387
297 -266.417 -114.372 4393.717
298 -266.347 -138.362 4394.057
299 -266.377 -168.328 4397.48
300 -266.437 -201.408 4403.383
301 -266.417 -228.372 4399.407
302 -266.417 -258.372 4396.878
303 -266.327 -288.333 4396.541
304 -266.327 -318.352 4396.019
305 -266.297 -348.351 4395.221
306 -266.437 -378.365 4394.416
307 -266.387 -408.403 4395.679
308 -266.387 -438.417 4395.679
309 -266.427 -468.417 4395.998
310 -266.417 -498.372 4395.635
311 -241.49 506.43 4403.47
312 -240.43 476.22 4402.09
313 -240.49 447.26 4400.67
314 -239.89 409.46 4399.06
315 -240.67 386.68 4398.12
316 -240.55 356.54 4396.17
317 -240.28 326.42 4395.75
318 -240.46 296.81 4395.69
319 -240.45 266.62 4395.51
320 -240.18 236.65 4395.35
321 -240.14 206.36 4395.48
322 -240.4 176.48 4395.11
323 -240.44 146.66 4395.2
324 -240.58 116.56 4395.02
325 -239.86 86.47 4395.3
326 -240.46 56.53 4394.74
329 -244.43 -41.55 4394.21
330 -239.94 -62.68 4394.22
331 -234.457 -101.301 4394.378
332 -240.407 -123.341 4393.959
333 -240.377 -153.33 4394.109
334 -240.467 -183.38 4399.163
335 -240.437 -213.372 4402.921
336 -240.437 -243.372 4400.828
337 -240.437 -277.372 4397.702
338 -240.417 -307.342 4397.535
339 -240.427 -333.298 4397.889
340 -240.357 -363.328 4397.136
341 -240.447 -393.404 4396.493
342 -240.327 -423.387 4396.637
343 -240.437 -453.372 4396.333
344 -240.437 -483.372 4395.807
345 -240.437 -513.372 4395.652
346 -214.61 521.62 4403.16
347 -214.46 492.08 4401.61
348 -212.69 463.65 4400.1
349 -214.29 431.55 4399.23
350 -214.7 401.98 4397.22
351 -213.92 370.43 4395.59
352 -213.92 341.49 4395.35
353 -213.76 313.29 4395.94
354 -214.42 281.48 4395.42
355 -214.27 251.56 4395.42
356 -214.44 213.29 4395.53
357 -214.3 191.55 4395.27
358 -214.76 161.14 4395.17
359 -214.61 132.38 4396.01
360 -213.83 100.96 4395.1
361 -214.52 71.09 4395.29
365 -214.457 -48.322 4394.561
366 -214.467 -78.4 4394.408
367 -214.427 -108.334 4394.267
368 -213.407 -142.365 4394.039
369 -214.447 -168.308 4394.824
370 -212.407 -200.335 4396.916
371 -214.537 -228.305 4398.165
372 -212.457 -258.355 4399.099
373 -214.527 -288.322 4400.42
374 -214.457 -318.372 4403.026
375 -214.457 -348.372 4400.046
376 -214.457 -378.372 4397.053
377 -214.457 -408.372 4397.053
378 -214.457 -438.372 4396.842
379 -214.457 -468.372 4396.063
380 -214.457 -498.372 4396.08
381 -214.457 -528.372 4395.937
382 -184.69 532.97 4402.22
383 -187.51 509.28 4401.33
384 -188.59 475.94 4399.92
385 -188.52 446.55 4399.58
386 -188.54 416.75 4396.91
387 -188.66 386.58 4396.41
388 -187.96 356.69 4395.69
389 -188.6 326.93 4395.68
390 -188.38 296.59 4395.6
391 -188.21 266.83 4395.45
392 -188.27 227.36 4395.38
393 -188.27 206.51 4395.74
394 -188.2 176.19 4395.39
395 -188.99 147.13 4396.31
396 -188.28 117.02 4395.13
397 -187.9 85.7 4395.18
399 -188.527 -33.266 4393.866
400 -188.497 -63.214 4394.024
401 -188.467 -93.331 4393.809
402 -188.437 -123.275 4394.473
403 -185.377 -150.31 4394.869
404 -188.467 -183.324 4395.018
405 -190.767 -212.979 4396.036
406 -188.327 -243.314 4396.635
407 -188.477 -273.372 4397.887
408 -188.577 -303.373 4399.761
409 -188.517 -333.356 4404.859
410 -188.477 -365.372 4400.831
411 -188.477 -393.372 4398.503
412 -188.477 -423.372 4397.232
413 -188.477 -453.372 4397.203
414 -188.477 -483.372 4397.211
415 -188.477 -513.372 4396.775
416 -188.477 -543.372 4396.562
417 -162.8 551.56 4401.93
418 -158.73 521.67 4400.43
419 -162.58 491.68 4399.32
420 -162.64 461.61 4397.73
421 -162.65 431.81 4396.04
422 -162.38 401.88 4396.73
423 -163.19 372.18 4395.99
424 -162.61 341.81 4395.7
425 -162.51 311.67 4395.65
426 -162.44 281.53 4395.63
427 -162.44 251.5 4395.46
428 -162.42 221.7 4395.73
429 -162.45 191.66 4395.58
430 -162.85 162.75 4395.9
431 -162.33 130.91 4395.2
432 -162.51 101.21 4395.05
433 -156.9 -48.88 4393.85
434 -162.567 -78.325 4394.39
435 -162.467 -108.269 4394.264
436 -162.437 -138.376 4394.626
437 -162.457 -168.298 4394.789
438 -162.597 -198.373 4394.438
439 -162.497 -228.372 4395.472
440 -162.497 -258.372 4395.83
441 -162.437 -288.299 4397.705
442 -162.457 -318.321 4399.75
443 -162.407 -358.371 4401.402
444 -157.467 -381.36 4399.06
445 -162.457 -408.424 4398.577
446 -162.497 -438.372 4397.67
447 -162.497 -468.386 4397.291
448 -162.497 -498.372 4397.687
449 -162.497 -528.372 4398.19
450 -136.58 536.49 4400.54
451 -136.58 506.53 4399.92
452 -136.69 476.51 4398.0
453 -137.3 446.61 4396.21
454 -136.52 416.08 4395.74
455 -136.21 386.26 4396.78
456 -136.61 356.9 4395.99
457 -136.23 326.5 4395.69
458 -136.37 296.45 4395.79
459 -132.39 260.42 4395.88
460 -136.26 236.44 4395.82
461 -136.43 206.66 4395.51
462 -136.62 177.33 4395.74
463 -135.74 146.94 4395.52
464 -136.3 116.08 4395.47
465 -130.087 -99.997 4394.116
466 -141.957 -123.293 4395.011
467 -136.517 -153.295 4394.834
468 -136.457 -183.371 4395.039
469 -136.517 -213.372 4395.569
470 -136.517 -243.372 4395.794
471 -136.517 -273.372 4396.543
472 -136.517 -303.372 4397.665
473 -132.007 -333.384 4401.38
474 -135.517 -364.372 4400.427
475 -136.517 -393.372 4399.648
476 -134.517 -418.872 4400.308
477 -136.557 -453.386 4398.63
478 -136.517 -483.372 4398.405
479 -130.515 -507.372 4399.895
480 -136.515 -553.372 4399.968
481 -115.07 551.65 4400.66
482 -110.92 521.51 4399.25
483 -110.59 491.59 4397.67
484 -110.59 461.58 4396.27
485 -110.54 431.84 4396.28
486 -110.59 401.78 4395.68
487 -110.72 371.93 4395.84
488 -114.36 337.44 4395.61
489 -109.71 311.51 4395.86
490 -110.18 275.94 4395.59
491 -108.8 251.49 4395.33
492 -110.58 221.64 4395.28
493 -110.59 191.79 4396.33
494 -110.67 161.57 4395.52
495 -110.42 131.83 4396.8
496 -110.937 -136.119 4394.564
497 -97.457 -161.241 4394.435
498 -110.507 -200.302 4394.773
499 -110.497 -228.349 4395.727
500 -104.427 -258.364 4396.143
501 -110.457 -288.311 4396.952
502 -110.557 -315.403 4398.567
503 -110.507 -348.304 4401.067
504 -110.537 -378.372 4400.235
505 -110.537 -408.372 4401.363
506 -110.517 -438.375 4401.988
507 -113.477 -468.374 4399.782
508 -110.534 -498.372 4401.068
509 -110.534 -528.372 4398.623
510 -105.534 -558.372 4403.769
511 -84.74 566.37 4400.72
512 -84.52 536.88 4400.26
513 -84.78 506.0 4397.37
514 -84.53 475.92 4396.64
515 -84.69 446.71 4397.08
516 -84.74 416.73 4395.9
517 -83.08 386.64 4396.44
518 -84.38 356.4 4395.62
519 -84.94 326.9 4395.22
520 -84.6 296.64 4395.26
521 -84.43 266.92 4395.19
522 -84.38 236.85 4395.29
523 -84.3 207.41 4395.4
524 -84.55 176.77 4396.06
525 -84.5 146.74 4395.75
526 -90.837 -183.743 4392.921
527 -84.437 -213.383 4394.904
528 -84.467 -243.327 4395.832
529 -84.467 -273.309 4396.578
530 -84.507 -303.407 4398.615
531 -83.447 -329.298 4400.881
532 -89.557 -363.372 4401.844
533 -87.557 -390.372 4402.33
534 -84.577 -423.404 4403.642
535 -84.557 -449.369 4404.327
536 -79.554 -485.372 4405.838
537 -84.554 -508.372 4405.859
538 -84.554 -543.372 4404.974
539 -58.67 551.72 4399.93
540 -61.69 521.8 4397.6
541 -61.81 494.78 4396.68
542 -66.61 461.75 4396.6
543 -61.62 438.7 4396.02
544 -63.67 409.77 4396.36
545 -58.43 371.69 4396.15
546 -58.59 341.66 4395.56
547 -58.21 311.24 4395.37
548 -58.13 280.4 4395.93
549 -58.68 251.71 4395.32
550 -58.59 221.61 4395.66
551 -58.57 191.68 4395.39
552 -58.42 161.85 4395.6
553 -61.567 -228.318 4395.96
554 -58.487 -258.249 4397.432
555 -58.497 -288.34 4398.371
556 -58.507 -318.417 4400.537
557 -58.677 -348.373 4403.9
558 -54.577 -376.372 4404.376
559 -58.573 -408.372 4404.414
560 -62.997 -436.308 4404.705
561 -50.573 -461.372 4407.385
562 -51.573 -498.372 4409.663
563 -58.674 -528.373 4408.407
564 -58.573 -558.372 4409.173
565 -32.9 567.04 4400.12
566 -35.53 545.7 4399.3
567 -32.83 506.65 4397.35
568 -32.39 476.48 4397.3
569 -32.55 446.41 4396.87
570 -32.72 416.58 4396.93
571 -34.72 388.61 4396.5
572 -32.29 356.54 4396.25
573 -32.87 326.7 4396.7
574 -32.63 296.34 4395.74
575 -32.68 266.7 4395.38
576 -32.5 236.5 4395.69
577 -32.92 206.68 4395.5
578 -32.65 176.73 4395.72
579 -29.527 -213.339 4396.504
580 -26.592 -238.372 4397.526
581 -40.577 -273.36 4398.68
582 -32.647 -303.318 4401.41
583 -32.587 -333.372 4404.266
584 -35.587 -363.372 4404.89
585 -32.592 -393.372 4405.192
586 -32.537 -423.424 4405.897
587 -28.592 -453.372 4408.547
588 -32.592 -483.372 4411.671
589 -38.592 -521.372 4409.849
590 -32.592 -543.372 4410.475
591 -32.592 -573.372 4412.092
592 -6.79 551.8 4399.1
593 -6.77 521.72 4397.27
594 -6.44 491.53 4397.43
595 -6.71 461.76 4397.32
596 -6.41 434.42 4396.85
597 -6.75 400.99 4397.64
598 -6.62 371.6 4397.85
599 -6.76 341.33 4397.77
600 -6.73 311.74 4395.65
601 -6.64 281.56 4395.58
602 -6.64 251.64 4395.64
603 -6.68 221.62 4396.08
604 -6.74 191.73 4396.87
605 -6.507 -198.331 4396.339
606 -6.611 -228.372 4397.71
607 -7.577 -259.325 4399.085
608 -9.527 -285.314 4401.743
609 -9.607 -321.372 4405.123
610 -9.607 -348.372 4405.758
611 -6.611 -378.372 4406.513
612 -12.527 -408.293 4406.179
613 -7.611 -433.872 4409.5
614 -9.647 -466.375 4409.484
615 -6.611 -498.372 4413.855
616 -6.611 -528.372 4415.942
617 97.312 -228.372 4412.467
618 18.88 565.96 4399.7
619 19.18 537.16 4398.21
620 22.31 511.81 4398.31
621 19.51 476.47 4397.11
622 18.44 452.92 4397.29
623 19.47 416.46 4397.89
624 19.61 386.82 4397.79
625 19.78 356.41 4397.99
626 21.32 323.91 4397.96
627 19.73 296.08 4396.04
628 19.24 266.68 4395.81
629 19.44 237.06 4395.88
630 18.58 207.12 4396.0
631 19.433 -183.33 4397.51
632 19.37 -213.372 4398.443
633 19.443 -243.339 4399.869
634 19.403 -273.307 4402.124
635 19.373 -303.372 4406.027
636 19.373 -333.372 4406.571
637 19.383 -363.424 4408.263
638 19.343 -393.313 4409.107
639 19.423 -423.319 4409.421
640 12.403 -453.326 4410.09
641 19.37 -483.372 4411.779
642 19.37 -513.372 4416.354
643 19.37 -543.372 4416.219
645 45.37 551.6 4399.21
646 45.44 522.11 4398.94
647 44.97 500.15 4399.69
648 45.71 461.27 4397.8
649 45.47 435.48 4398.25
650 45.06 401.82 4399.05
651 45.52 371.62 4398.4
652 45.3 341.68 4398.11
653 45.22 311.3 4396.96
654 45.23 281.52 4396.09
655 45.36 251.64 4396.36
656 45.48 221.18 4396.57
657 45.353 -168.372 4397.47
658 45.35 -198.372 4398.903
659 45.393 -228.341 4400.898
660 45.333 -258.314 4403.144
661 45.313 -288.362 4407.262
662 45.353 -318.406 4408.246
663 45.373 -348.372 4409.902
664 45.323 -378.228 4410.563
665 45.383 -408.408 4410.816
666 48.403 -438.374 4410.508
667 40.85 -465.372 4410.62
668 45.35 -493.872 4412.411
669 49.35 -532.372 4416.154
670 49.85 -560.372 4416.655
671 71.32 566.65 4399.84
672 71.18 536.82 4400.39
673 71.68 505.92 4399.44
674 71.43 476.52 4398.86
675 71.64 446.57 4398.21
676 71.42 410.39 4398.7
677 71.4 386.33 4398.71
678 71.2 356.69 4400.12
679 71.15 326.42 4397.62
680 71.16 296.74 4397.46
681 71.22 266.77 4396.85
682 71.43 237.67 4397.31
684 71.333 -153.372 4397.409
685 71.331 -183.372 4398.343
686 71.331 -213.372 4401.885
687 71.331 -237.372 4403.906
688 71.403 -273.248 4407.621
689 71.331 -303.372 4409.28
690 71.343 -337.326 4410.957
691 71.323 -361.345 4411.894
692 71.331 -393.372 4411.007
693 71.331 -423.372 4411.119
694 62.331 -453.372 4411.066
695 71.331 -483.372 4411.503
696 71.331 -515.372 4414.567
697 67.331 -543.372 4416.464
699 92.69 547.72 4400.5
700 97.15 521.76 4400.17
701 97.23 494.25 4399.3
702 97.52 461.45 4398.46
703 97.63 427.74 4398.75
704 97.55 401.5 4399.53
705 97.47 371.3 4399.35
706 97.29 341.73 4399.2
707 93.25 311.82 4398.91
708 96.86 281.95 4397.96
709 95.61 249.69 4397.15
710 97.285 221.676 4398.045
711 97.592 191.468 4397.943
712 108.997 167.189 4397.409
713 97.312 -138.372 4397.929
714 97.312 -168.372 4399.416
715 97.312 -198.372 4402.244
716 97.312 -228.372 4404.736
717 97.313 -258.342 4407.95
718 92.383 -288.391 4410.12
719 95.273 -320.398 4412.232
720 101.803 -346.309 4412.905
721 97.21 -378.373 4411.958
722 97.312 -408.372 4411.669
723 97.323 -438.398 4411.357
724 95.312 -468.372 4411.651
725 101.812 -496.372 4412.198
726 97.312 -528.372 4414.34
727 97.312 -558.372 4415.791
728 130.1 543.78 4401.67
729 121.48 504.86 4400.15
730 122.89 484.45 4399.26
731 123.39 448.11 4398.6
732 122.26 407.32 4399.17
733 122.84 385.78 4399.71
734 123.28 356.57 4399.18
735 123.29 326.95 4399.07
736 120.39 292.66 4399.06
737 123.22 266.81 4398.0
738 123.074 236.863 4399.59
739 123.287 206.705 4399.088
740 123.548 176.595 4398.958
741 123.364 146.803 4396.635
743 123.293 -127.372 4398.69
744 119.383 -153.346 4399.566
745 119.293 -183.372 4401.978
746 119.293 -217.372 4405.053
747 123.293 -243.372 4407.484
748 123.293 -273.372 4410.65
749 119.25 -306.67 4411.92
750 123.11 -333.63 4411.68
751 123.04 -363.61 4410.72
752 123.11 -393.6 4410.44
753 123.33 -423.62 4410.31
754 123.22 -453.45 4410.68
755 125.03 -480.44 4412.21
756 122.74 -513.34 4412.27
757 126.08 -540.69 4413.49
758 149.13 548.71 4402.23
759 147.14 521.84 4401.9
762 149.36 431.44 4400.17
763 149.51 402.29 4399.83
764 149.19 371.71 4399.45
765 148.85 341.61 4398.43
766 149.07 311.75 4398.95
767 149.21 281.85 4399.72
768 149.393 251.747 4399.579
769 149.34 221.706 4399.224
770 149.384 191.616 4399.078
771 149.139 161.727 4398.672
772 149.473 131.491 4397.948
773 149.32 101.581 4397.821
775 151.273 -108.372 4398.635
776 149.403 -134.231 4400.062
777 149.273 -172.372 4402.512
778 149.273 -198.372 4404.347
779 153.773 -230.372 4407.78
780 149.273 -258.372 4409.782
781 149.11 -284.62 4410.97
782 149.18 -318.69 4412.31
783 153.44 -352.04 4411.26
784 149.04 -378.54 4410.62
785 149.06 -408.79 4410.62
786 149.16 -436.48 4411.13
787 144.37 -467.51 4411.53
788 155.16 -502.37 4412.36
789 149.01 -528.41 4412.9
790 147.4 -556.23 4414.05
795 173.42 414.46 4399.98
796 172.35 379.29 4400.62
797 175.38 356.37 4400.57
798 175.05 326.76 4398.95
799 174.68 296.46 4399.37
800 175.167 266.627 4400.124
801 175.236 236.34 4399.358
802 175.214 206.497 4398.74
803 175.224 175.98 4398.93
804 175.275 146.397 4398.884
805 175.095 116.758 4398.513
806 175.53 86.396 4397.698
807 175.514 56.725 4397.381
808 181.584 29.865 4396.987
809 175.403 -93.313 4398.924
810 175.333 -123.192 4400.449
811 175.254 -153.372 4402.116
812 175.254 -183.372 4404.134
813 175.254 -213.372 4406.891
814 179.254 -239.372 4408.847
815 175.13 -273.69 4411.16
816 175.03 -303.75 4411.03
817 175.11 -333.43 4410.91
818 175.22 -363.67 4411.02
819 175.31 -393.72 4410.6
820 174.07 -422.79 4411.07
821 175.07 -453.64 4411.63
822 174.88 -483.54 4412.27
823 175.04 -513.64 4412.62
824 174.48 -542.93 4413.97
828 201.802 431.363 4400.304
829 201.768 401.446 4401.088
830 200.684 370.542 4399.544
831 201.17 340.256 4399.485
832 201.436 311.724 4399.347
833 201.316 281.571 4399.531
834 201.267 251.678 4399.602
835 201.193 221.735 4399.032
836 201.243 191.639 4398.86
837 196.286 161.645 4398.476
838 209.316 131.635 4400.388
839 209.944 101.343 4398.822
840 201.497 71.311 4398.782
841 201.307 41.476 4398.77
842 201.34 11.423 4397.588
843 201.333 -9.361 4397.479
844 201.373 -78.261 4398.701
845 201.233 -108.173 4399.699
846 201.235 -138.372 4401.385
847 201.235 -168.372 4403.041
848 201.235 -191.372 4405.534
849 201.235 -224.372 4408.276
850 201.07 -258.56 4410.17
851 201.02 -285.59 4410.95
852 196.52 -318.58 4410.65
853 201.44 -348.24 4411.01
854 200.2 -378.89 4410.81
855 203.6 -408.26 4410.96
856 200.91 -438.55 4411.78
857 196.9 -468.67 4411.7
858 199.03 -498.8 4412.38
859 201.07 -528.53 4412.56
862 229.731 448.327 4402.531
863 227.681 416.481 4401.645
864 227.337 374.64 4400.005
865 227.06 356.586 4399.803
866 227.357 326.59 4400.041
867 227.044 296.518 4399.585
868 227.588 266.362 4399.651
869 227.639 236.467 4399.443
870 227.66 206.42 4399.4
871 231.5 179.26 4399.51
872 227.317 146.621 4398.474
873 231.179 123.618 4398.457
874 227.49 86.426 4398.271
875 227.458 56.403 4398.834
876 227.498 26.335 4398.814
877 219.11 -3.139 4398.565
878 227.216 -33.372 4398.093
879 227.333 -63.219 4399.555
880 227.216 -93.372 4399.828
881 224.216 -126.372 4401.06
882 224.216 -149.372 4402.588
883 227.216 -183.372 4404.738
884 227.216 -213.372 4407.289
885 225.06 -243.48 4409.15
886 226.93 -273.18 4410.07
887 227.16 -303.63 4410.11
888 227.14 -332.97 4410.92
889 226.57 -363.52 4410.86
890 226.47 -392.63 4411.2
891 226.92 -423.6 4411.55
892 230.93 -452.24 4412.02
893 226.75 -483.38 4412.44
894 226.86 -513.62 4412.67
896 253.477 461.44 4402.696
897 253.53 431.491 4401.836
898 253.558 401.485 4401.618
899 253.335 371.656 4401.108
900 253.297 345.739 4400.685
901 253.381 311.724 4400.449
902 253.306 281.763 4399.639
903 253.204 251.274 4399.341
904 253.549 221.531 4399.615
905 253.588 191.326 4399.535
906 253.738 161.366 4398.876
907 253.196 131.628 4398.868
908 254.196 101.628 4398.754
909 253.196 71.628 4398.711
910 253.54 41.372 4399.161
911 253.196 20.628 4399.084
912 253.196 -18.372 4398.802
913 253.413 -48.28 4399.372
914 253.373 -78.337 4399.812
915 253.196 -112.872 4400.347
916 253.196 -138.372 4402.352
917 253.196 -168.372 4404.52
918 257.696 -196.372 4406.848
919 258.9 -227.88 4408.38
920 253.01 -258.55 4409.41
921 253.46 -288.72 4410.08
922 252.91 -317.99 4410.64
923 253.04 -348.59 4410.73
924 249.61 -378.83 4411.31
925 252.53 -408.7 4411.18
926 252.76 -438.42 4411.7
927 252.96 -468.8 4412.34
928 252.96 -498.55 4412.65
929 279.17 476.616 4402.6
930 285.38 446.74 4402.25
931 279.041 416.742 4401.761
932 279.209 386.711 4401.807
933 281.044 355.407 4401.675
934 279.177 326.628 4402.184
935 279.281 296.683 4401.439
936 282.166 266.7 4400.238
937 286.313 226.705 4400.389
938 279.646 206.301 4399.767
939 279.429 174.377 4398.945
940 279.563 146.512 4398.886
941 279.177 116.628 4398.921
942 279.177 86.628 4398.899
943 279.411 56.237 4399.084
944 279.177 22.628 4399.2
945 279.177 -3.372 4398.836
946 276.343 -33.255 4399.402
947 279.283 -63.259 4400.148
948 284.177 -93.372 4399.987
949 279.177 -123.372 4401.732
950 279.177 -153.372 4403.686
951 279.177 -183.372 4406.084
952 277.33 -219.71 4407.6
953 279.23 -243.63 4408.65
954 278.67 -273.1 4409.76
955 278.69 -303.17 4410.62
956 279.27 -329.53 4410.66
957 273.39 -363.81 4411.04
958 278.99 -393.6 4411.05
959 284.52 -423.04 4412.23
960 279.04 -453.63 4411.85
961 278.31 -482.94 4412.32
962 305.3 461.57 4402.64
963 308.069 435.683 4401.96
964 305.101 401.678 4402.023
965 305.089 371.658 4401.793
966 305.299 341.704 4401.911
967 305.369 311.775 4401.939
968 305.224 281.86 4401.581
969 305.123 251.695 4401.287
970 305.467 222.176 4399.979
971 305.28 181.208 4399.321
972 305.744 157.317 4399.06
973 305.449 131.433 4399.054
974 305.158 101.628 4399.888
975 305.158 71.628 4399.619
976 305.158 41.628 4399.54
977 305.158 11.628 4399.268
978 305.383 -18.32 4399.48
979 305.343 -48.336 4400.634
980 305.158 -78.372 4400.397
981 296.158 -108.372 4400.926
982 305.158 -142.872 4404.303
983 305.158 -168.372 4405.871
984 304.9 -198.16 4406.35
985 300.71 -228.43 4408.1
986 304.96 -254.42 4409.35
987 304.83 -292.11 4409.6
988 300.96 -319.15 4410.35
989 305.95 -346.26 4410.53
990 304.71 -378.26 4410.97
991 308.82 -405.36 4411.2
992 303.15 -441.08 4412.58
993 305.08 -468.51 4412.34
994 331.096 446.763 4401.53
995 328.007 422.681 4402.152
996 333.9 393.39 4402.32
997 335.286 356.582 4402.052
998 331.255 326.634 4401.908
999 331.155 296.733 4401.807
1000 331.183 256.673 4401.638
1001 335.139 236.628 4400.985
1002 322.329 206.414 4399.706
1003 331.14 176.63 4400.48
1004 331.14 146.63 4400.29
1005 331.139 116.628 4399.574
1006 331.139 86.628 4399.448
1007 331.139 56.628 4399.435
1008 331.139 26.628 4399.626
1009 331.273 -3.243 4400.045
1010 331.323 -25.323 4399.975
1011 331.139 -60.372 4400.177
1012 331.139 -90.372 4401.036
1013 331.139 -123.372 4403.494
1014 333.139 -155.372 4405.426
1015 327.43 -183.43 4406.12
1016 330.99 -213.73 4407.56
1017 332.27 -243.21 4408.48
1018 330.66 -269.57 4409.29
1019 330.19 -303.77 4409.85
1020 334.48 -324.81 4409.96
1021 331.09 -360.36 4411.02
1022 331.02 -386.73 4411.17
1023 328.2 -426.82 4411.88
1024 330.98 -453.52 4412.46
1025 357.24 431.59 4402.39
1026 363.266 401.548 4402.04
1027 362.219 371.739 4401.926
1028 357.163 341.78 4401.67
1029 357.182 311.654 4401.822
1030 357.12 281.63 4402.46
1031 357.12 245.63 4401.58
1032 352.119 224.628 4400.537
1033 357.45 199.69 4400.36
1034 357.12 161.63 4400.62
1035 357.119 131.628 4399.884
1036 357.119 101.628 4400.389
1037 357.119 71.628 4399.833
1038 357.119 41.628 4400.612
1039 357.133 11.677 4399.798
1040 357.213 -18.137 4400.498
1041 352.119 -51.372 4400.217
1042 360.119 -83.372 4401.615
1043 357.119 -108.372 4403.725
1044 361.619 -134.372 4405.12
1045 362.74 -165.14 4405.79
1046 356.62 -197.75 4406.94
1047 357.27 -228.3 4407.61
1048 363.92 -251.18 4408.56
1049 356.8 -290.36 4408.97
1050 356.98 -313.49 4409.41
1051 362.83 -348.45 4410.81
1052 358.21 -378.59 4411.38
1053 363.97 -408.67 4411.19
1054 356.96 -438.92 4412.26
1055 383.318 416.714 4402.367
1056 382.991 388.916 4402.016
1057 383.311 356.61 4402.054
1058 383.185 326.712 4402.003
1059 383.323 296.726 4402.045
1060 383.1 266.628 4401.302
1061 383.1 236.628 4401.304
1062 389.35 200.75 4401.33
1063 385.2 173.09 4400.13
1064 383.1 146.628 4401.433
1065 383.1 116.628 4401.54
1066 383.1 86.628 4401.101
1067 383.1 56.628 4400.697
1068 383.193 26.764 4400.594
1069 383.833 -3.715 4400.535
1070 383.1 -33.372 4400.431
1071 382.1 -62.372 4401.188
1072 385.1 -91.372 4403.467
1073 383.1 -120.372 4404.25
1074 379.87 -155.35 4405.1
1075 386.26 -187.62 4406.78
1076 382.91 -219.45 4407.48
1077 383.07 -241.09 4408.26
1078 382.86 -273.52 4408.88
1079 383.09 -299.32 4408.91
1080 378.62 -335.66 4410.7
1081 381.03 -359.66 4410.75
1082 382.6 -397.26 4411.67
1083 379.78 -423.9 4411.89
1084 409.069 401.756 4402.351
1085 409.094 371.8 4402.044
1086 409.08 341.63 4402.55
1087 409.08 311.63 4403.05
1088 409.081 281.628 4401.325
1089 409.081 251.628 4402.972
1090 409.35 216.557 4401.291
1091 414.254 189.642 4401.333
1092 414.15 157.91 4402.35
1093 420.85 131.64 4404.57
1094 407.081 99.628 4403.158
1095 409.081 71.628 4401.889
1096 409.081 41.628 4400.662
1097 409.333 11.944 4400.711
1098 406.08 -12.37 4400.52
1099 409.081 -51.372 4401.25
1100 409.081 -75.372 4401.829
1101 417.081 -108.372 4403.545
1102 416.23 -138.31 4403.86
1103 408.48 -166.73 4404.92
1104 409.31 -198.47 4406.64
1105 408.86 -228.4 4407.35
1106 408.73 -258.51 4408.15
1107 405.9 -288.59 4408.71
1108 408.48 -318.35 4409.6
1109 409.14 -344.53 4410.25
1110 409.06 -376.69 4410.5
1111 410.8 -407.24 4412.0
1112 435.062 356.628 4402.784
1113 435.062 326.628 4401.706
1114 435.062 296.628 4401.644
1115 435.062 266.628 4402.048
1116 431.062 243.628 4401.569
1117 435.062 206.628 4400.882
1118 435.062 176.628 4402.279
1119 435.062 146.628 4401.751
1120 439.062 116.628 4402.367
1121 442.062 83.628 4401.123
1122 447.22 59.75 4400.94
1123 435.253 26.832 4400.799
1124 435.062 -0.372 4400.92
1125 434.96 -33.373 4401.248
1126 439.063 -63.372 4401.738
1127 435.062 -93.372 4402.432
1128 431.83 -123.51 4403.56
1129 435.9 -158.41 4405.6
1130 434.95 -183.55 4406.18
1131 434.88 -213.46 4406.42
1132 435.79 -243.57 4407.4
1133 434.31 -278.3 4408.57
1134 429.48 -305.32 4408.97
1135 434.79 -328.46 4409.42
1136 433.01 -363.01 4409.69
1137 461.042 341.628 4402.523
1138 461.042 311.628 4401.856
1139 461.042 281.628 4401.693
1140 461.042 260.628 4401.489
1141 461.13 221.842 4401.833
1142 461.042 191.628 4401.996
1143 461.042 161.628 4401.982
1144 468.042 134.628 4402.123
1145 461.042 97.128 4402.383
1146 461.623 71.729 4401.35
1147 461.243 41.673 4401.137
1148 461.042 11.628 4401.059
1149 461.042 -18.372 4401.332
1150 461.042 -48.372 4402.052
1151 458.042 -74.372 4402.264
1152 458.0 -108.58 4402.97
1153 455.91 -137.77 4403.85
1154 460.63 -168.41 4405.51
1155 462.61 -198.73 4406.11
1156 460.61 -229.26 4406.62
1157 460.89 -258.51 4407.93
1158 460.71 -284.67 4408.19
1159 459.12 -313.73 4408.96
1160 460.98 -355.45 4409.58
1161 487.023 296.628 4402.35
1162 487.023 266.628 4401.953
1163 487.236 236.642 4401.837
1164 482.091 204.933 4401.769
1165 490.257 180.921 4401.805
1166 484.023 142.628 4402.315
1167 487.023 119.628 4402.362
1168 484.023 86.628 4401.306
1169 485.203 54.806 4401.965
1170 487.023 31.128 4401.503
1171 481.023 0.628 4401.384
1172 489.023 -32.372 4401.742
1173 486.023 -62.372 4402.198
1174 487.05 -93.44 4402.3
1175 484.82 -120.01 4403.39
1176 479.1 -153.25 4404.86
1177 482.93 -179.84 4405.48
1178 486.31 -210.8 4406.0
1179 486.77 -243.4 4407.06
1180 486.87 -273.55 4407.74
1181 486.84 -296.53 4408.42
1182 513.004 251.628 4401.752
1183 513.004 221.628 4401.908
1184 513.167 191.659 4402.074
1185 513.004 161.628 4402.287
1186 513.004 131.628 4402.635
1187 515.004 101.628 4402.59
1188 502.53 67.06 4403.75
1193 512.59 -78.28 4402.52
1194 513.31 -108.44 4403.23
1195 514.93 -138.37 4403.94
1196 506.97 -168.74 4404.98
1197 512.91 -198.9 4405.57
1198 517.73 -222.22 4406.07
1199 503.86 -263.44 4407.39
1200 538.985 206.628 4402.554
1201 538.985 176.628 4402.53
1202 543.98 146.63 4403.74
1203 546.985 116.628 4402.714
1204 532.985 86.628 4402.57
1205 528.11 55.31 4403.05
1210 538.94 -93.68 4403.35
1211 546.46 -118.14 4403.72
1212 540.98 -153.55 4404.73
1214 564.966 101.628 4402.207
1215 564.966 71.628 4402.762
1216 574.966 46.128 4402.843
1221 564.02 -109.2 4403.62
1222 -58.557 -198.358 4395.36
1223 -32.517 -183.332 4395.382
1224 -6.537 -168.301 4395.834
1225 19.383 -153.359 4395.869
1226 45.353 -138.347 4395.967
1227 71.423 -123.321 4396.267
1228 94.713 -109.872 4396.272
1229 123.293 -93.372 4398.123
1230 149.273 -78.372 4397.444
1231 175.254 -63.372 4397.548
1232 201.23 -48.37 4398.71
1233 -58.48 581.63 4401.57
1234 -6.64 581.61 4400.91
1235 45.82 581.16 4400.15
1236 -162.496 -558.372 4398.669
1237 -143.797 -75.306 4393.947
1238 -170.73 -23.13 4393.8
1239 -543.32 174.89 4400.13
