zeroZ 4400
1 -214.457 -168.372 4394.149
2 -212.457 -200.372 4395.617
3 -214.559 -228.373 4396.912
4 -212.457 -258.372 4397.805
5 -188.477 -183.372 4394.262
6 -190.977 -213.372 4394.956
7 -188.477 -243.372 4395.998
8 -188.477 -273.372 4396.321
9 -162.597 -198.373 4394.262
10 -162.496 -228.372 4395.205
11 -162.496 -258.372 4395.966
12 -162.496 -288.372 4396.622
13 -136.515 -243.372 4395.205
14 -136.515 -273.372 4395.966
15 -136.515 -303.372 4396.612
16 -526.226 -198.372 4390.814
17 -500.246 -183.372 4390.924
18 -474.265 -172.372 4391.280
19 -474.265 -198.372 4391.330
20 -448.284 -183.372 4391.424
21 -448.284 -213.372 4391.330
22 -422.303 -173.372 4391.309
23 -422.303 -198.372 4391.601
24 -422.303 -228.372 4391.664
25 -396.323 -164.372 4391.265
26 -396.323 -183.372 4391.309
27 -396.323 -213.372 4391.745
28 -396.323 -243.372 4392.116
29 -370.342 -178.372 4391.454
30 -370.342 -198.372 4391.832
31 -370.342 -228.372 4392.191
32 -370.342 -258.372 4392.116
33 -344.361 -183.372 4391.454
34 -344.361 -213.372 4392.805
35 -344.361 -243.372 4393.661
36 -344.361 -273.372 4392.614
37 -321.380 -168.372 4391.454
38 -318.380 -198.372 4393.788
39 -318.380 -228.372 4394.197
40 -318.380 -258.372 4395.590
41 -318.380 -288.372 4392.161
42 -282.400 -96.372 4392.106
43 -287.400 -153.372 4391.330
44 -299.400 -191.372 4394.016
45 -292.400 -217.372 4396.530
46 -292.400 -243.372 4396.530
47 -292.400 -273.372 4396.533
48 -292.400 -303.372 4391.812
49 -266.419 -108.372 4392.217
50 -266.419 -138.372 4391.564
51 -266.419 -168.372 4393.205
52 -266.419 -201.372 4398.252
53 -266.419 -228.372 4398.900
54 -266.419 -258.372 4396.661
55 -266.419 -288.372 4396.533
56 -266.419 -318.372 4391.290
57 -234.438 -101.372 4391.694
58 -240.438 -123.372 4392.431
59 -240.438 -153.372 4393.222
60 -240.438 -183.372 4394.149
61 -240.438 -213.372 4398.432
62 -240.438 -243.372 4397.778
63 -240.438 -277.372 4396.920
64 -240.438 -307.372 4396.920
65 -240.438 -333.372 4395.228
66 -214.457 -18.372 4392.010
67 -214.457 -48.372 4392.010
68 -214.457 -78.372 4391.694
69 -214.457 -108.372 4391.924
70 -213.457 -142.372 4393.405
71 -214.559 -288.373 4398.770
72 -214.457 -318.372 4397.884
73 -214.457 -348.372 4397.884
74 -188.477 -63.372 4392.640
75 -188.477 -93.372 4391.924
76 -188.477 -123.372 4393.405
77 -185.477 -150.372 4393.405
78 -188.578 -303.373 4398.413
79 -188.477 -333.372 4400.652
80 -188.477 -365.372 4398.694
81 -162.496 -78.372 4392.670
82 -162.496 -108.372 4393.354
83 -162.496 -138.372 4393.609
84 -162.496 -168.372 4394.040
85 -162.496 -318.372 4397.565
86 -162.496 -358.372 4398.773
87 -157.496 -381.372 4398.694
88 -136.515 -153.372 4393.609
89 -136.515 -183.372 4394.036
90 -136.515 -213.372 4394.551
91 -132.015 -333.372 4397.565
92 -135.515 -364.372 4399.462
93 -136.515 -393.372 4398.854
94 -110.534 -200.372 4393.930
95 -110.534 -228.372 4394.682
96 -104.534 -258.372 4395.317
97 -110.534 -288.372 4396.037
98 -110.534 -315.372 4396.335
99 -110.534 -348.372 4399.727
100 -110.534 -378.372 4399.652
101 -110.534 -408.372 4399.652
102 -84.554 -213.372 4394.005
103 -84.554 -243.372 4395.115
104 -84.554 -273.372 4395.787
105 -84.554 -303.372 4396.335
106 -83.554 -329.372 4397.819
107 -89.554 -363.372 4400.257
108 -87.554 -390.372 4400.241
109 -84.554 -423.372 4401.416
110 -61.573 -228.372 4394.835
111 -58.573 -258.372 4396.188
112 -58.573 -288.372 4397.058
113 -58.573 -318.372 4397.819
114 -58.674 -348.373 4401.255
115 -54.573 -376.372 4402.727
116 -58.573 -408.372 4402.673
117 -63.073 -436.372 4402.673
118 -29.592 -213.372 4395.362
119 -26.592 -238.372 4395.439
120 -40.592 -273.372 4397.240
121 -32.694 -303.373 4397.935
122 -32.592 -333.372 4400.910
123 -35.592 -363.372 4403.749
124 -32.592 -393.372 4403.336
125 -35.592 -418.372 4402.795
126 -28.592 -453.372 4404.176
127 -6.611 -198.372 4395.575
128 -6.611 -228.372 4395.575
129 -7.611 -259.372 4397.391
130 -9.611 -285.372 4398.600
131 -9.611 -321.372 4400.803
132 -9.611 -348.372 4403.588
133 -6.611 -378.372 4403.840
134 -12.611 -408.372 4403.336
135 -7.611 -433.872 4404.176
136 -9.611 -466.372 4407.622
137 19.370 -183.372 4395.969
138 19.370 -213.372 4397.164
139 19.370 -243.372 4397.621
140 19.370 -273.372 4400.576
141 19.370 -303.372 4400.872
142 19.370 -333.372 4405.142
143 19.370 -363.372 4405.312
144 19.370 -393.372 4405.312
145 19.370 -423.372 4407.622
146 12.370 -453.372 4407.622
147 19.370 -483.372 4408.042
148 45.350 -168.372 4396.667
149 45.350 -198.372 4397.789
150 45.350 -228.372 4399.253
151 45.350 -258.372 4400.576
152 45.350 -288.372 4403.234
153 45.350 -318.372 4404.827
154 47.350 -356.372 4408.671
155 45.350 -378.372 4408.671
156 45.350 -408.372 4409.022
157 48.350 -438.372 4408.516
158 40.850 -465.372 4408.042
159 45.350 -493.872 4408.761
160 71.331 -153.372 4396.754
161 71.331 -183.372 4398.216
162 71.331 -213.372 4398.216
163 71.331 -237.372 4401.391
164 71.331 -273.372 4403.203
165 71.331 -303.372 4406.192
166 71.331 -337.372 4407.837
167 71.331 -361.372 4410.247
168 71.331 -393.372 4409.738
169 71.331 -423.372 4409.366
170 62.331 -453.372 4408.516
171 71.331 -483.372 4408.761
172 71.331 -515.372 4412.194
173 97.312 -138.372 4397.030
174 97.312 -168.372 4398.264
175 97.312 -198.372 4400.873
176 97.312 -228.372 4401.854
177 97.312 -258.372 4405.351
178 92.312 -288.372 4406.192
179 95.312 -320.372 4409.770
180 101.812 -346.372 4410.247
181 97.210 -378.373 4410.336
182 97.312 -408.372 4409.738
183 97.312 -438.372 4409.514
184 95.312 -468.372 4409.180
185 101.812 -496.372 4410.537
186 97.312 -528.372 4413.414
187 -500.246 -213.372 4390.924
188 -474.265 -228.372 4391.330
189 -448.284 -243.372 4391.440
190 -422.303 -258.372 4391.572
191 -396.323 -273.372 4392.116
192 -370.342 -288.372 4392.116
193 -344.361 -303.372 4392.161
194 -318.380 -318.372 4391.812
195 -292.400 -333.372 4391.290
196 -266.419 -348.372 4391.290
197 -240.438 -363.372 4395.332
198 -214.457 -378.372 4397.305
199 -188.477 -393.372 4397.738
200 -162.496 -408.372 4397.546
201 -188.477 -33.372 4392.366
202 -157.225 -48.372 4392.670
203 -142.933 -74.895 4393.226
204 -128.801 -99.372 4393.226
205 -142.013 -123.372 4393.581
206 -110.034 -135.740 4393.609
207 -100.168 -162.742 4393.841
208 -83.771 -178.597 4393.930
209 -58.573 -198.372 4394.005
210 -32.592 -183.372 4394.092
211 -6.611 -168.372 4395.601
212 19.370 -153.372 4395.969
213 45.350 -138.372 4396.213
214 71.331 -123.372 4396.754
215 97.312 -108.372 4396.796
216 -526.226 -228.372 4390.704
217 -500.246 -243.372 4390.674
218 -500.246 -273.372 4390.660
219 -474.265 -258.372 4390.660
220 -474.265 -288.372 4390.604
221 -474.265 -318.372 4390.604
222 -448.284 -273.372 4391.520
223 -448.284 -303.372 4391.156
224 -448.284 -333.372 4390.853
225 -422.303 -288.372 4391.520
226 -422.303 -318.372 4390.853
227 -422.303 -348.372 4390.853
228 -422.303 -378.372 4391.119
229 -396.323 -303.372 4391.677
230 -396.323 -333.372 4391.269
231 -396.323 -363.372 4391.119
232 -396.323 -393.372 4391.115
233 -370.342 -318.372 4392.230
234 -370.342 -348.372 4391.234
235 -370.342 -378.372 4391.115
236 -370.342 -408.372 4391.115
237 -370.342 -438.372 4391.115
238 -344.361 -333.372 4391.812
239 -344.361 -363.372 4391.115
240 -344.361 -393.372 4391.115
241 -344.361 -423.372 4391.115
242 -344.361 -453.372 4391.151
243 -318.380 -348.372 4391.290
244 -318.380 -378.372 4391.335
245 -318.380 -408.372 4391.181
246 -318.380 -438.372 4391.181
247 -318.380 -468.372 4391.438
248 -292.400 -363.372 4391.290
249 -292.400 -393.372 4391.213
250 -292.400 -423.372 4391.181
251 -292.400 -453.372 4391.181
252 -292.400 -483.372 4395.694
253 -266.419 -378.372 4391.213
254 -266.419 -408.372 4391.213
255 -266.419 -438.372 4396.234
256 -266.419 -468.372 4395.694
257 -266.419 -498.372 4395.694
258 -240.438 -393.372 4395.568
259 -240.438 -423.372 4396.356
260 -240.438 -453.372 4396.356
261 -240.438 -483.372 4396.300
262 -240.438 -513.372 4396.300
263 -214.457 -408.372 4397.308
264 -214.457 -438.372 4397.093
265 -214.457 -468.372 4396.413
266 -214.457 -498.372 4396.413
267 -214.457 -528.372 4396.413
268 -188.477 -423.372 4397.093
269 -188.477 -453.372 4397.093
270 -188.477 -483.372 4397.093
271 -188.477 -513.372 4397.238
272 -188.477 -543.372 4396.918
273 -162.496 -438.372 4397.093
274 -162.496 -468.372 4397.093
275 -162.496 -498.372 4397.387
276 -162.496 -528.372 4396.918
277 -162.496 -558.372 4396.918
278 -134.515 -418.872 4397.968
279 -136.515 -453.372 4398.231
280 -136.515 -483.372 4397.921
281 -130.515 -507.372 4397.921
282 -136.515 -553.372 4397.960
283 -110.534 -438.372 4399.218
284 -113.534 -468.372 4398.231
285 -110.534 -498.372 4398.254
286 -110.534 -528.372 4399.754
287 -105.534 -558.372 4399.754
288 -84.554 -449.372 4401.646
289 -79.554 -485.372 4400.595
290 -84.554 -508.372 4401.145
291 -84.554 -543.372 4401.145
292 -50.573 -461.372 4404.969
293 -51.573 -498.372 4406.111
294 -58.674 -528.373 4404.696
295 -58.573 -558.372 4404.696
296 -32.592 -483.372 4409.277
297 -38.592 -521.372 4407.654
298 -32.592 -543.372 4408.587
299 -32.592 -573.372 4408.984
300 -6.611 -498.372 4409.034
301 -6.611 -528.372 4411.569
302 -6.611 -565.372 4409.613
303 19.370 -513.372 4413.958
304 19.370 -543.372 4412.168
305 49.350 -532.372 4415.618
306 49.850 -560.372 4415.820
307 67.331 -543.372 4414.780
308 97.312 -558.372 4414.698
309 149.273 -557.372 4413.821
310 175.254 -543.372 4413.245
311 201.235 -528.372 4413.183
312 227.216 -513.372 4413.183
313 253.196 -498.372 4413.456
314 279.177 -483.372 4413.427
315 305.158 -468.372 4413.260
316 123.293 -93.372 4395.342
317 123.293 -127.372 4397.263
318 119.293 -153.372 4398.280
319 119.293 -183.372 4400.284
320 119.293 -217.372 4402.402
321 123.293 -243.372 4405.351
322 123.293 -273.372 4408.288
323 119.293 -306.372 4411.093
324 123.293 -333.372 4412.201
325 123.191 -363.373 4410.527
326 123.293 -393.372 4410.234
327 123.293 -423.372 4410.163
328 123.293 -453.372 4410.163
329 123.191 -513.373 4411.465
330 126.293 -540.372 4412.210
331 149.273 -528.372 4412.210
332 155.273 -502.872 4411.876
333 144.773 -467.372 4411.012
334 149.273 -436.372 4410.249
335 149.273 -408.372 4410.234
336 149.273 -378.372 4410.234
337 153.273 -352.372 4410.527
338 149.273 -318.372 4412.810
339 149.273 -284.372 4409.876
340 149.273 -258.372 4408.288
341 153.773 -230.372 4405.761
342 149.273 -198.372 4402.402
343 149.273 -172.372 4399.577
344 149.273 -134.372 4398.557
345 151.273 -108.372 4398.557
346 149.273 -78.372 4395.342
347 175.254 -63.372 4395.380
348 175.254 -93.372 4395.942
349 175.254 -123.372 4399.022
350 175.254 -153.372 4399.579
351 175.254 -183.372 4401.391
352 175.254 -213.372 4403.152
353 179.254 -239.372 4406.771
354 175.254 -273.372 4409.484
355 175.254 -303.372 4412.463
356 175.254 -333.372 4410.972
357 175.254 -363.372 4410.566
358 175.254 -393.372 4410.604
359 174.254 -422.372 4410.604
360 175.254 -453.372 4411.046
361 175.254 -483.372 4411.619
362 175.254 -513.372 4412.420
363 199.235 -498.372 4412.143
364 197.235 -468.372 4411.619
365 201.133 -438.373 4411.023
366 204.235 -408.372 4410.631
367 201.235 -378.372 4410.566
368 201.235 -348.372 4410.566
369 196.735 -318.372 4411.051
370 201.235 -285.372 4410.070
371 201.235 -258.372 4409.648
372 201.235 -224.372 4405.688
373 201.235 -191.372 4403.152
374 201.235 -168.372 4401.157
375 201.235 -138.372 4399.565
376 201.235 -108.372 4399.190
377 201.235 -78.372 4399.168
378 201.235 -48.372 4395.494
379 227.216 -33.372 4395.779
380 227.216 -63.372 4399.161
381 227.216 -93.372 4399.190
382 224.216 -126.372 4399.616
383 224.216 -149.372 4400.763
384 227.216 -183.372 4404.076
385 227.216 -213.372 4404.774
386 225.216 -243.372 4407.821
387 227.216 -273.372 4409.955
388 227.216 -303.372 4410.836
389 227.216 -332.372 4410.680
390 227.216 -363.372 4410.680
391 227.216 -393.372 4410.683
392 227.216 -423.372 4411.146
393 231.716 -453.372 4411.620
394 227.216 -483.372 4412.236
395 253.196 -468.372 4413.085
396 253.196 -438.372 4411.762
397 253.196 -408.372 4411.295
398 250.196 -378.372 4410.900
399 253.196 -348.372 4410.680
400 253.196 -318.372 4410.620
401 253.196 -288.372 4409.605
402 253.196 -258.372 4409.078
403 259.196 -228.372 4405.881
404 257.696 -196.372 4404.964
405 253.196 -168.372 4402.337
406 253.196 -138.372 4400.763
407 253.196 -112.872 4399.469
408 253.196 -78.372 4399.312
409 253.196 -48.372 4399.332
410 279.177 -63.372 4399.513
411 284.177 -93.372 4399.964
412 279.177 -123.372 4400.372
413 279.177 -153.372 4402.337
414 279.177 -183.372 4404.545
415 279.177 -219.372 4405.881
416 279.177 -243.372 4407.667
417 279.177 -273.372 4409.269
418 279.177 -303.372 4409.936
419 279.177 -329.372 4410.324
420 274.677 -363.372 4410.767
421 279.177 -393.372 4411.049
422 283.677 -423.372 4411.454
423 279.177 -453.372 4412.707
424 303.158 -440.372 4412.873
425 309.158 -405.372 4411.559
426 305.158 -378.372 4411.024
427 306.158 -346.372 4410.427
428 301.158 -318.372 4410.149
429 305.158 -292.372 4409.313
430 305.158 -254.372 4408.011
431 301.158 -228.372 4406.809
432 305.158 -198.372 4405.899
433 305.158 -168.372 4403.692
434 305.158 -142.872 4402.366
435 296.158 -108.372 4400.399
436 305.158 -78.372 4400.075
437 331.139 -90.372 4400.225
438 331.139 -123.372 4400.897
439 333.139 -155.372 4404.350
440 327.139 -183.372 4404.792
441 331.139 -213.372 4405.899
442 332.139 -243.372 4407.769
443 331.139 -269.372 4408.721
444 331.139 -303.372 4409.294
445 334.139 -324.372 4409.294
446 331.139 -360.372 4410.644
447 331.139 -386.372 4411.148
448 328.139 -426.372 4411.796
449 331.139 -453.372 4413.260
450 357.119 -438.372 4412.802
451 364.119 -408.372 4411.543
452 358.119 -378.372 4411.098
453 363.119 -348.372 4410.421
454 357.119 -313.372 4409.276
455 357.119 -290.372 4409.154
456 364.119 -251.372 4407.951
457 357.119 -228.372 4407.395
458 357.119 -198.372 4406.187
459 363.119 -165.372 4404.792
460 361.619 -134.372 4403.855
461 357.119 -108.372 4402.238
462 383.100 -120.372 4403.064
463 380.100 -155.372 4404.597
464 386.100 -187.372 4406.026
465 383.100 -219.372 4406.812
466 383.100 -240.372 4407.568
467 383.100 -273.372 4408.263
468 383.100 -299.372 4408.834
469 378.600 -335.372 4409.811
470 381.100 -359.372 4410.610
471 383.100 -397.372 4411.107
472 380.100 -423.372 4412.596
473 409.081 -403.372 4410.610
474 409.081 -376.372 4410.587
475 409.081 -344.372 4409.811
476 409.081 -318.372 4409.322
477 406.081 -288.372 4408.550
478 409.081 -258.372 4407.834
479 409.081 -228.372 4406.817
480 409.081 -198.372 4406.129
481 409.081 -166.372 4404.869
482 416.081 -138.372 4403.974
483 436.062 -158.372 4403.980
484 435.062 -183.372 4405.723
485 435.062 -213.372 4406.238
486 436.062 -243.372 4406.803
487 435.062 -277.872 4407.831
488 430.562 -305.372 4408.623
489 435.062 -328.372 4408.623
490 433.062 -363.372 4410.587
491 461.042 -355.372 4410.464
492 459.042 -313.872 4408.623
493 461.042 -284.372 4408.515
494 461.042 -258.372 4406.978
495 461.042 -229.372 4406.240
496 463.042 -198.372 4405.650
497 461.042 -168.372 4404.439
498 483.023 -178.872 4404.564
499 487.023 -210.372 4405.068
500 487.023 -243.372 4406.686
501 487.023 -273.372 4408.515
502 487.023 -296.372 4408.515
503 504.004 -263.372 4405.975
504 518.004 -222.372 4404.800
505 513.004 -198.372 4404.564
506 507.004 -168.372 4404.046
507 479.023 -153.372 4403.620
508 456.542 -138.372 4402.976
509 432.062 -123.372 4402.363
510 417.081 -108.372 4402.349
511 385.100 -91.372 4401.069
512 360.119 -83.372 4400.518
513 331.139 -60.372 4400.124
514 305.158 -48.372 4399.612
515 276.177 -33.372 4397.217
516 253.196 -18.372 4395.851
517 279.177 -3.372 4395.935
518 305.158 11.628 4397.180
519 331.139 26.628 4399.455
520 357.119 41.628 4400.210
521 383.100 56.628 4400.561
522 409.081 71.628 4400.636
523 442.062 83.628 4401.226
524 461.042 97.128 4401.360
525 487.023 119.628 4400.157
526 513.004 131.628 4399.927
527 543.985 146.628 4399.913
528 546.985 116.628 4399.927
529 515.004 101.628 4399.977
530 484.023 86.628 4400.610
531 461.042 71.628 4401.226
532 447.062 59.628 4401.226
533 409.081 41.628 4400.185
534 383.100 26.628 4400.185
535 357.119 11.628 4399.918
536 331.139 -3.372 4399.593
537 305.158 -18.372 4397.217
538 331.139 -25.372 4399.750
539 357.119 -18.372 4400.043
540 383.100 -3.372 4400.043
541 409.081 11.628 4400.185
542 435.062 26.628 4400.472
543 461.042 41.628 4400.697
544 485.023 54.628 4401.168
545 532.985 86.628 4400.018
546 564.966 101.628 4400.018
547 564.966 71.628 4400.032
548 574.966 46.128 4400.160
549 487.023 31.128 4401.078
550 461.042 11.628 4400.697
551 435.062 -0.372 4400.472
552 406.081 -12.372 4400.050
553 383.100 -33.372 4400.043
554 352.119 -51.372 4400.043
555 382.100 -62.372 4400.043
556 409.081 -51.372 4400.050
557 434.960 -33.373 4400.653
558 461.042 -18.372 4400.743
559 481.023 0.628 4400.826
560 489.023 -32.372 4401.188
561 461.042 -48.372 4400.842
562 439.062 -63.372 4400.842
563 409.081 -75.372 4401.069
564 435.062 -93.372 4401.188
565 458.042 -74.372 4401.134
566 486.023 -62.372 4401.314
567 513.004 -78.372 4401.871
568 487.023 -93.372 4401.314
569 458.042 -108.372 4401.779
570 485.023 -119.372 4402.250
571 513.004 -108.372 4402.077
572 538.985 -93.372 4402.450
573 564.966 -108.372 4403.568
574 546.985 -118.872 4403.082
575 515.004 -138.372 4403.262
576 540.985 -153.372 4403.523
577 538.985 176.628 4399.751
578 513.004 161.628 4399.752
579 484.023 142.628 4400.157
580 468.042 134.628 4400.295
581 439.062 116.628 4401.360
582 407.081 99.628 4401.446
583 383.100 86.628 4400.972
584 357.119 71.628 4400.235
585 331.139 56.628 4399.653
586 305.158 41.628 4397.616
587 279.177 22.628 4395.935
588 253.196 20.628 4395.851
589 219.216 -3.372 4395.778
590 201.235 -9.372 4395.778
591 201.235 11.628 4395.778
592 227.216 26.628 4395.913
593 253.196 41.628 4395.935
594 279.177 56.628 4396.920
595 305.158 71.628 4398.659
596 331.139 86.628 4400.099
597 357.119 101.628 4400.540
598 383.100 116.628 4401.138
599 435.062 146.628 4401.022
600 461.042 161.628 4400.678
601 490.023 180.628 4399.446
602 513.004 191.628 4399.446
603 538.985 206.628 4399.751
604 513.004 221.628 4399.446
605 482.023 204.628 4399.270
606 461.042 191.628 4399.549
607 435.062 176.628 4399.624
608 383.100 146.628 4398.463
609 357.119 131.628 4400.232
610 331.139 116.628 4400.101
611 305.158 101.628 4398.519
612 279.177 86.628 4398.143
613 253.196 71.628 4396.920
614 227.216 56.628 4395.973
615 201.235 41.628 4395.973
616 180.254 29.128 4396.191
617 175.254 56.628 4396.304
618 201.235 71.628 4396.304
619 227.216 86.628 4396.556
620 254.196 101.628 4397.645
621 279.177 116.628 4398.336
622 305.158 131.628 4398.882
623 331.139 146.628 4398.450
624 357.119 161.628 4397.812
625 414.081 189.628 4398.336
626 435.062 206.628 4399.000
627 461.042 221.628 4399.072
628 487.023 236.628 4399.250
629 513.004 251.628 4401.110
630 487.023 266.628 4399.280
631 461.042 260.628 4399.114
632 431.062 243.628 4399.000
633 409.081 216.628 4398.336
634 331.139 176.628 4397.541
635 305.158 157.628 4397.517
636 279.177 146.628 4398.091
637 253.196 131.628 4397.822
638 231.216 123.628 4396.556
639 209.235 101.628 4396.482
640 175.254 86.628 4396.404
641 154.273 74.128 4396.404
642 149.273 101.628 4396.482
643 175.254 116.628 4396.482
644 209.235 131.628 4396.512
645 227.216 146.628 4396.860
646 253.196 161.628 4396.930
647 279.177 174.628 4397.120
648 305.158 181.628 4397.517
649 322.139 206.628 4397.541
650 352.119 224.628 4397.815
651 383.100 236.628 4398.336
652 409.081 251.628 4399.419
653 435.062 266.628 4399.114
654 461.042 281.628 4402.119
655 487.023 296.628 4402.947
656 461.042 311.628 4402.810
657 435.062 296.628 4400.729
658 409.081 281.628 4400.393
659 383.100 266.628 4400.968
660 357.119 245.628 4398.336
661 335.139 236.628 4399.534
662 305.158 221.628 4397.550
663 279.177 206.628 4397.246
664 253.196 191.628 4396.930
665 231.216 179.628 4396.701
666 196.235 161.628 4396.692
667 175.254 146.628 4396.577
668 149.273 131.628 4399.465
669 128.293 119.128 4398.802
670 123.293 146.628 4399.465
671 149.273 161.628 4399.784
672 175.254 176.628 4397.118
673 201.235 191.628 4396.701
674 227.216 206.628 4397.546
675 253.196 221.628 4397.546
676 286.177 226.628 4397.246
677 305.158 251.628 4398.354
678 331.139 256.628 4399.534
679 357.119 281.628 4399.541
680 383.100 296.628 4399.738
681 409.081 311.628 4400.393
682 435.062 326.628 4400.729
683 461.042 341.628 4403.108
684 435.062 356.628 4402.339
685 409.081 341.628 4399.738
686 383.100 326.628 4399.738
687 357.119 311.628 4399.738
688 331.139 296.628 4399.541
689 305.158 281.628 4399.451
690 282.177 266.628 4398.661
691 253.196 251.628 4398.614
692 227.216 236.628 4398.523
693 201.235 221.628 4398.523
694 175.254 206.628 4398.558
695 149.273 191.628 4398.816
696 123.293 176.628 4399.588
697 106.418 165.970 4399.296
698 97.312 191.628 4399.296
699 123.293 206.628 4399.575
700 149.273 221.628 4400.063
701 175.254 236.628 4398.753
702 201.235 251.628 4398.523
703 227.216 266.628 4398.523
704 253.196 281.628 4399.167
705 279.177 296.628 4399.706
706 305.158 311.628 4399.602
707 331.139 326.628 4399.602
708 357.119 341.628 4399.738
709 383.100 356.628 4399.738
710 409.081 371.628 4399.767
711 409.081 401.628 4399.791
712 383.100 388.628 4399.767
713 362.119 371.628 4399.738
714 335.139 356.628 4399.688
715 305.158 341.628 4399.602
716 279.177 326.628 4399.800
717 253.196 311.628 4400.194
718 227.216 296.628 4399.000
719 175.254 266.628 4398.858
720 201.235 281.628 4399.000
721 149.273 251.628 4399.735
722 123.293 236.628 4399.575
723 97.312 221.628 4399.434
724 66.003 200.107 4399.161
725 363.119 401.628 4399.958
726 328.139 422.628 4400.036
727 305.158 401.628 4399.688
728 253.196 345.628 4400.550
729 253.196 371.628 4399.701
730 227.216 356.628 4399.307
731 227.216 326.628 4399.000
732 201.235 311.628 4399.000
733 201.235 341.628 4398.848
734 201.235 371.628 4398.769
735 201.235 401.628 4398.769
736 227.216 416.628 4399.183
737 227.216 374.628 4399.307
738 253.196 401.628 4399.504
739 279.177 416.628 4399.688
740 279.177 386.628 4399.688
741 253.196 431.628 4400.525
742 308.158 435.628 4400.471
743 285.177 446.628 4400.471
744 383.100 416.628 4399.962
745 357.119 431.628 4400.005
746 331.139 446.628 4400.216
747 305.158 461.628 4400.661
748 279.177 476.628 4400.513
749 253.196 461.628 4400.313
750 229.216 448.628 4400.313
751 201.235 431.628 4398.984
752 173.254 414.628 4398.769
753 172.254 379.628 4398.769
754 175.254 356.628 4398.848
755 175.254 326.628 4398.848
756 175.254 296.628 4399.000
757 149.273 281.628 4399.077
758 123.293 266.628 4398.997
759 97.312 251.628 4398.971
760 71.331 236.628 4398.971
761 45.350 221.628 4399.161
762 19.370 206.628 4399.117
763 -6.611 191.628 4398.796
764 -32.592 176.628 4398.427
765 -58.573 161.628 4397.597
766 -84.554 146.628 4397.360
767 -110.534 131.628 4397.352
768 -136.515 116.628 4397.813
769 -162.496 101.628 4397.755
770 -188.477 86.628 4397.478
771 -214.457 71.628 4396.728
772 -240.438 56.628 4392.040
773 -256.419 41.628 4392.040
774 -258.419 71.628 4392.040
775 -240.438 86.628 4395.057
776 -214.457 101.628 4397.478
777 -188.477 116.628 4397.755
778 -162.496 131.628 4396.485
779 -136.515 146.628 4395.308
780 -110.534 161.628 4395.648
781 -84.554 176.628 4395.648
782 -58.573 191.628 4398.427
783 -32.592 206.628 4398.732
784 -6.611 221.628 4398.004
785 19.370 236.628 4399.117
786 45.350 251.628 4398.971
787 71.331 266.628 4398.971
788 97.312 281.628 4398.997
789 120.293 292.628 4398.997
790 149.273 311.628 4399.030
791 149.273 341.628 4398.848
792 123.293 326.628 4398.997
793 93.312 311.628 4398.997
794 71.331 296.628 4398.997
795 45.350 281.628 4398.424
796 19.370 266.628 4397.168
797 -6.611 251.628 4398.004
798 -32.592 236.628 4397.389
799 -58.573 221.628 4397.364
800 -84.554 206.628 4395.632
801 -110.534 191.628 4394.218
802 -136.515 176.628 4394.383
803 -162.496 161.628 4394.121
804 -188.477 146.628 4395.860
805 -214.457 131.628 4397.662
806 -240.438 116.628 4395.879
807 -258.419 101.628 4392.054
808 -290.400 125.628 4392.054
809 -266.419 131.628 4392.054
810 -240.438 146.628 4397.413
811 -214.457 161.628 4394.205
812 -188.477 176.628 4393.462
813 -162.496 191.628 4393.254
814 -136.515 206.628 4393.421
815 -110.534 221.628 4393.196
816 -84.554 236.628 4395.864
817 -58.573 251.628 4396.887
818 -32.592 266.628 4397.025
819 -6.611 281.628 4397.059
820 19.370 296.628 4397.168
821 45.350 311.628 4398.424
822 71.331 326.628 4399.090
823 97.312 341.628 4399.017
824 123.293 356.628 4399.030
825 149.273 371.628 4398.848
826 149.273 402.628 4398.688
827 123.293 386.628 4398.626
828 97.312 371.628 4399.017
829 71.331 356.628 4399.017
830 45.350 341.628 4399.090
831 19.370 326.628 4397.227
832 -6.611 311.628 4397.059
833 -32.592 296.628 4397.025
834 -58.573 281.628 4396.887
835 -84.554 266.628 4394.160
836 -110.534 251.628 4393.196
837 -136.515 236.628 4393.196
838 -162.496 221.628 4393.254
839 -188.477 206.628 4393.254
840 -214.457 191.628 4393.290
841 -240.438 176.628 4393.280
842 -266.419 161.628 4393.405
843 -292.400 146.628 4392.054
844 -318.380 131.628 4391.586
845 -338.361 146.628 4391.586
846 -318.380 161.628 4392.324
847 -292.400 176.628 4393.146
848 -266.419 180.628 4393.280
849 -240.438 206.628 4393.272
850 -214.457 213.628 4393.260
851 -188.477 227.628 4393.254
852 -132.515 260.628 4393.196
853 -108.534 273.628 4393.378
854 -84.554 296.628 4393.677
855 -58.573 311.628 4397.131
856 -32.592 326.628 4397.406
857 -6.611 341.628 4398.597
858 19.370 356.628 4399.490
859 45.350 371.628 4399.345
860 71.331 386.628 4399.345
861 97.312 401.628 4398.089
862 122.293 407.628 4398.089
863 123.293 446.628 4397.240
864 149.273 431.628 4397.523
865 97.312 427.628 4397.543
866 97.312 461.628 4396.933
867 71.331 476.628 4396.469
868 71.331 446.628 4396.953
869 71.331 410.628 4397.556
870 45.350 401.628 4397.437
871 45.350 435.628 4396.890
872 45.350 461.628 4395.951
873 19.370 476.628 4395.304
874 19.370 452.628 4395.826
875 19.370 416.628 4396.453
876 19.370 386.628 4397.407
877 -6.611 371.628 4397.712
878 -6.611 401.628 4394.309
879 -6.611 434.628 4394.309
880 -6.611 461.628 4394.762
881 -6.611 491.628 4395.280
882 -32.592 476.628 4394.922
883 -32.592 446.628 4394.554
884 -32.592 416.628 4394.309
885 -32.592 386.628 4394.443
886 -32.592 356.628 4395.942
887 -58.573 341.628 4394.185
888 -58.573 371.628 4393.965
889 -84.554 356.628 4393.965
890 -84.554 326.628 4393.677
891 -318.380 191.628 4392.906
892 279.177 356.628 4399.800
893 -276.419 221.628 4393.272
894 -240.438 236.628 4393.272
895 -214.457 251.628 4393.120
896 -188.477 266.628 4393.260
897 -162.496 281.628 4393.455
898 -162.496 251.628 4393.270
899 -136.515 296.628 4393.476
900 -110.534 311.628 4393.677
901 -114.534 337.628 4393.677
902 -136.515 326.628 4393.604
903 -162.496 311.628 4393.455
904 -188.477 296.628 4393.307
905 -214.457 281.628 4393.120
906 -240.438 266.628 4393.120
907 -270.419 251.628 4393.272
908 -291.400 236.628 4393.397
909 -318.380 251.628 4393.904
910 -292.400 266.628 4393.639
911 -266.419 281.628 4393.374
912 -240.438 296.628 4393.374
913 -214.457 311.628 4393.307
914 -188.477 326.628 4393.307
915 305.158 371.628 4399.688
916 -162.496 341.628 4393.484
917 -136.515 356.628 4393.801
918 -110.534 371.628 4394.101
919 -84.554 386.628 4393.965
920 -63.573 409.628 4394.226
921 -61.573 438.628 4394.529
922 -66.573 461.628 4395.007
923 -61.573 494.628 4395.007
924 -32.694 506.627 4395.270
925 -6.611 521.628 4395.280
926 22.370 511.628 4395.304
927 45.350 500.628 4395.304
928 71.331 506.628 4396.619
929 97.312 494.628 4396.933
930 123.293 484.628 4397.240
931 121.293 504.628 4397.660
932 130.293 543.628 4400.744
933 149.273 548.628 4401.389
934 147.273 521.628 4400.870
935 97.312 521.628 4400.186
936 92.812 547.628 4400.186
937 71.331 566.628 4400.358
938 71.331 536.628 4399.464
939 45.350 581.628 4400.287
940 45.350 551.628 4397.894
941 45.350 521.628 4397.554
942 19.370 536.628 4396.989
943 19.370 566.628 4397.894
944 -6.611 551.628 4397.292
945 -6.611 581.628 4400.675
946 -32.592 566.628 4397.936
947 -35.592 545.628 4397.235
948 -58.573 581.628 4400.351
949 -58.573 551.628 4397.731
950 -61.573 521.628 4397.353
951 -84.554 566.628 4400.210
952 -84.554 536.628 4397.731
953 -84.554 506.628 4397.009
954 -84.554 476.628 4395.513
955 -84.554 446.628 4396.124
956 -84.554 416.628 4394.295
957 -110.534 401.628 4395.360
958 -110.534 431.628 4395.956
959 -110.534 461.628 4396.246
960 -110.534 491.628 4396.862
961 -110.534 521.628 4399.622
962 -115.034 551.628 4400.433
963 -136.515 536.628 4400.519
964 -136.515 506.628 4399.772
965 -136.515 476.628 4397.940
966 -136.515 446.628 4396.422
967 -135.515 416.628 4395.676
968 -136.515 386.628 4394.771
969 -162.496 371.628 4393.801
970 -162.496 401.628 4395.721
971 -162.496 431.628 4396.484
972 -162.496 461.628 4398.367
973 -162.496 491.628 4399.658
974 -158.496 521.628 4400.071
975 -162.496 551.628 4401.129
976 -184.477 532.628 4400.906
977 -188.477 510.628 4400.667
978 -188.477 476.628 4399.819
979 -188.477 446.628 4398.503
980 -188.477 416.628 4396.269
981 -188.477 386.628 4395.721
982 -188.477 356.628 4393.801
983 -214.457 341.628 4394.277
984 -214.457 371.628 4395.287
985 -214.457 401.628 4396.499
986 -214.457 431.628 4399.003
987 -212.457 463.628 4399.800
988 -214.457 491.628 4401.792
989 -214.457 521.628 4402.801
990 -240.540 506.627 4402.392
991 -240.540 476.627 4400.875
992 -240.438 446.628 4399.800
993 -240.438 410.628 4399.038
994 -240.438 386.628 4397.529
995 -240.438 356.628 4395.287
996 -240.438 326.628 4393.987
997 -266.419 311.628 4393.987
998 -266.419 341.628 4395.240
999 -274.419 371.628 4396.830
1000 -258.419 401.628 4398.134
1001 -268.419 431.628 4399.608
1002 -264.419 461.628 4400.875
1003 -258.419 489.628 4402.063
1004 -296.400 408.628 4400.281
1005 -286.400 394.628 4399.234
1006 -292.400 356.628 4398.163
1007 -292.400 326.628 4396.085
1008 -292.400 296.628 4394.155
1009 -318.380 281.628 4394.377
1010 -319.880 311.628 4396.284
1011 -318.380 341.628 4398.469
1012 -311.380 364.628 4398.469
1013 -318.380 401.628 4400.896
1014 -292.400 206.628 4393.146
1015 -320.380 221.628 4392.906
1016 -256.419 -73.872 4391.694
1017 -240.438 -63.372 4391.694
1018 -244.438 -41.372 4391.694
1019 -270.919 -48.372 4392.150
1020 -292.400 -63.372 4392.150
1021 -292.400 -33.372 4393.969
1022 -266.419 -18.372 4392.030
1023 -271.623 9.212 4392.040
1024 -292.400 -3.372 4394.547
1025 -318.380 -18.372 4394.547
1026 -318.380 -40.372 4394.504
1027 -318.380 5.628 4393.851
1028 -342.361 -31.872 4395.108
1029 -292.400 26.628 4392.181
1030 -347.361 1.628 4394.017
1031 -370.342 11.628 4394.017
1032 -349.361 26.628 4393.268
1033 -315.380 41.628 4392.839
1034 -292.400 56.628 4392.574
1035 -292.400 86.628 4392.829
1036 -318.380 71.628 4392.665
1037 -350.361 51.128 4393.216
1038 -370.342 41.628 4393.268
1039 -396.323 26.628 4395.511
1040 -422.303 41.628 4396.238
1041 -396.323 56.628 4395.511
1042 -370.342 71.628 4393.303
1043 -344.361 86.628 4392.665
1044 -318.380 101.628 4391.586
1045 -348.361 114.628 4391.586
1046 -370.342 101.628 4392.994
1047 -396.323 79.628 4393.303
1048 -422.303 71.628 4395.595
1049 -422.303 101.628 4394.327
1050 -399.323 116.628 4393.855
1051 -370.342 131.628 4391.758
1052 -370.342 161.628 4391.758
1053 -396.323 146.628 4393.876
1054 -422.303 131.628 4395.795
1055 -441.284 121.628 4395.874
1056 -449.284 146.628 4395.874
1057 -422.303 161.628 4395.828
1058 -396.323 176.628 4394.909
1059 -374.342 187.628 4392.583
1060 -354.361 176.628 4392.441
1061 -344.361 211.628 4392.906
1062 -342.361 239.628 4394.157
1063 -370.342 221.628 4395.310
1064 -396.323 206.628 4395.399
1065 -418.303 191.628 4395.828
1066 -445.284 180.628 4395.951
1067 -474.265 161.628 4396.317
1068 -469.765 191.628 4396.577
1069 -443.784 206.628 4396.081
1070 -422.303 220.628 4396.516
1071 -396.323 236.628 4395.871
1072 -372.842 251.628 4395.526
1073 -342.361 266.628 4394.778
1074 -344.361 296.628 4397.123
1075 -370.342 281.628 4397.123
1076 -399.323 266.628 4397.252
1077 -417.803 251.628 4397.328
1078 -448.284 239.628 4398.175
1079 -474.265 221.628 4399.177
1080 -499.246 208.628 4400.270
1081 -526.226 221.628 4400.270
1082 -500.246 236.628 4400.270
1083 -474.265 251.628 4398.940
1084 -448.284 266.628 4398.937
1085 -419.303 286.128 4399.894
1086 -400.323 292.628 4399.239
1087 -363.342 311.628 4398.092
1088 -348.361 326.628 4398.123
1089 -344.361 356.628 4399.884
1090 -372.342 343.628 4399.884
1091 -396.323 326.628 4400.109
1092 -415.303 315.628 4400.109
1093 -448.284 298.628 4400.329
1094 -478.765 272.628 4399.302
1095 -500.246 266.628 4399.520
1096 -463.265 307.128 4401.372
1097 -444.284 328.628 4401.591
1098 -418.303 335.628 4400.388
1099 -398.323 356.628 4401.095
1100 -370.342 365.628 4399.884
1101 -351.361 382.128 4400.409
1102 -396.323 385.628 4401.867
1103 -424.303 360.628 4401.427
1104 -444.284 356.628 4402.306
1105 -313.380 -83.372 4392.549
1106 -318.380 -107.372 4392.106
1107 -346.361 -67.372 4396.638
1108 -370.342 -48.372 4396.638
1109 -396.323 -33.372 4396.971
1110 -425.303 -21.372 4397.478
1111 -448.284 -3.372 4397.478
1112 -474.265 11.628 4397.199
1113 -477.265 41.628 4397.241
1114 -500.246 26.628 4396.938
1115 -526.226 41.628 4395.744
1116 -500.246 56.628 4396.044
1117 -500.246 82.128 4396.044
1118 -526.226 101.628 4395.515
1119 -532.226 126.128 4395.752
1120 -551.207 142.128 4396.567
1121 -552.207 116.628 4395.752
1122 -559.207 84.628 4395.515
1123 -526.226 71.628 4395.515
1124 -552.207 56.628 4395.704
1125 -349.361 -93.372 4395.988
1126 -370.342 -78.372 4395.988
1127 -396.323 -63.372 4396.542
1128 -422.303 -48.372 4396.629
1129 -448.284 -33.372 4396.629
1130 -474.265 -18.372 4397.199
1131 -500.246 -3.372 4397.060
1132 -526.226 11.628 4396.514
1133 -552.207 26.628 4395.729
1134 -344.361 -123.372 4391.494
1135 -370.342 -108.372 4395.289
1136 -396.323 -93.372 4395.755
1137 -422.303 -78.372 4395.830
1138 -448.284 -63.372 4395.834
1139 -474.265 -48.372 4396.390
1140 -500.246 -33.372 4396.664
1141 -526.226 -18.372 4396.514
1142 -552.207 -3.372 4396.514
1143 -552.207 -33.372 4396.271
1144 -526.226 -48.372 4396.664
1145 -500.246 -63.372 4395.862
1146 -474.265 -78.372 4395.650
1147 -448.284 -93.372 4395.479
1148 -422.303 -108.372 4395.554
1149 -396.323 -123.372 4392.045
1150 -370.342 -133.372 4391.265
1151 -346.361 -155.372 4391.454
1152 -422.303 -135.372 4391.309
1153 -448.284 -123.372 4391.880
1154 -474.265 -108.372 4395.320
1155 -500.246 -93.372 4395.331
1156 -526.226 -78.372 4394.530
1157 -552.207 -63.372 4392.998
1158 -552.207 -93.372 4392.998
1159 -526.226 -108.372 4394.485
1160 -500.246 -123.372 4395.224
1161 -474.265 -138.372 4391.382
1162 -448.284 -143.372 4391.424
1163 -500.246 -148.372 4391.054
1164 -526.226 -163.372 4390.814
1165 -526.226 -138.372 4391.330
1166 -552.207 -123.372 4393.002
1167 -552.207 -153.372 4394.461
1168 -578.188 41.628 4395.729
1169 -578.188 11.628 4396.411
1170 -578.188 -18.372 4396.034
1171 -578.188 -48.372 4394.494
